ruta 1:
[19.3242056315207, -99.1748165436391],
[19.32488763052693, -99.17479564605559],
[19.32617016195153, -99.17476468547541],
[19.32655528523895, -99.17475540999033],
[19.327566229482404, -99.17479714967733],
[19.328290148416347, -99.17490371914293],
[19.32874403646551, -99.17503408332817],
[19.32910460085455, -99.17532627894396],
[19.329711195593486, -99.17594663265297],
[19.330224466335753, -99.17627479084835],
[19.330758944866922, -99.1766209302367],
[19.331047392871362, -99.17682321948962],
[19.331331598495154, -99.17749302168268],
[19.33165398039512, -99.1784685054135],
[19.331696399040528, -99.17854043051848],
[19.332341160763935, -99.1784280476002],
[19.33242977526003, -99.17860540043603],
[19.33239865777611, -99.17878127737184],
[19.331765934317072, -99.17886921583973],
[19.331610346205757, -99.17902310815856],
[19.331109239918174, -99.17953851367143],
[19.330929507889703, -99.17979445838029],
[19.33086772496122, -99.18000873755453],
[19.330822791907632, -99.18136583899134],
[19.330721692494137, -99.1837110057065],
[19.330699225949374, -99.18519310348918],
[19.33049141025624, -99.18725851672112],
[19.33036222739549, -99.18865133146898],
[19.330407160575774, -99.18885370624463],
[19.330609359734076, -99.18912155521242],
[19.333625467509695, -99.18952630479886],
[19.33428821742273, -99.18959773119028],
[19.334355030427947, -99.18953200745328],
[19.33455305847944, -99.1890384385353],
[19.33471808166163, -99.18771318668578],
[19.335015122984238, -99.18523368305893],
[19.335183812873638, -99.18368302166209],
[19.335279816424293, -99.18296786408587],
[19.335228387418802, -99.18279202235722],
[19.335081024565888, -99.1823710390736],
[19.335020157243644, -99.18161734302917],
[19.334795909085233, -99.18088741233578],
[19.334206455314476, -99.17910162840683],
[19.334046277291723, -99.17884700142075],
[19.333854063457032, -99.1787553357058],
[19.333625725612205, -99.17867515227276],
[19.332138273321792, -99.178799898577],
[19.33128217955633, -99.17886794204092],
[19.330458185068956, -99.17908341301005],
[19.330351172492886, -99.17908341301005],
[19.33029766617855, -99.17899268839147],
[19.330319068706377, -99.17885660146361],
[19.33038327627306, -99.1787545362677],
[19.33136042916227, -99.17859576812492],
[19.3314550902697, -99.17850172092501],
[19.331466922904262, -99.17830735671185],
[19.33130126594227, -99.17766783575243],
[19.33101728218793, -99.17690918833976],
[19.330810210379827, -99.17675871276427],
[19.32978076382606, -99.17611292199152],
[19.329342951231833, -99.17577435197143],
[19.328934719535237, -99.17544832167837],
[19.327657328748664, -99.1752616022102],
[19.326280026815883, -99.17506955554309],
[19.32559527687103, -99.1750771094903],
[19.324943749622932, -99.17548137407337],
[19.32441223862779, -99.17617180347366],
[19.32415505526748, -99.17633078392767],
[19.323932162694422, -99.17636712231716],
[19.323584964011054, -99.17665328719856],
[19.323134890586093, -99.17709389017112],
[19.322641951602996, -99.17756174693578],
[19.322427629842174, -99.17797509611623],
[19.32238047901707, -99.17821129564791],
[19.32228189088425, -99.17829759932293],
[19.322200448468784, -99.17828851472557],
[19.32213615179634, -99.17822492254396],
[19.322153297578136, -99.17787970784381],
[19.32232046885635, -99.17725287062514],
[19.322414770527587, -99.17693490971712],
[19.322470494216827, -99.17642162996559],
[19.32253050432245, -99.17635803778398],
[19.322967720141072, -99.17632624169316],
[19.323096312806264, -99.17627627640762],
[19.32316489551966, -99.17615363434311],
[19.32330634727511, -99.17509527874924],
[19.323516381473976, -99.17494992519127],
[19.3242056315207, -99.1748165436391]

ruta 3:
[19.324181065896973, -99.17482383113754],
[19.324353370442047, -99.1748154772741],
[19.324539077886175, -99.17478182889649],
[19.32484316062606, -99.17477832630776],
[19.325609975453332, -99.17477832630865],
[19.32568599569173, -99.17485888583914],
[19.325712437505484, -99.17493944536959],
[19.325705827052442, -99.17503401525319],
[19.325646332963064, -99.17509706184225],
[19.32560336499614, -99.17512157996022],
[19.325114190422276, -99.17535275078677],
[19.32495223365278, -99.17547534137661],
[19.32435728903986, -99.1761828642094],
[19.32420855252693, -99.17629144450737],
[19.323970573858528, -99.17636850144953],
[19.323699542175138, -99.17654012827532],
[19.323544194544162, -99.17669774474797],
[19.32271787485903, -99.17747181681105],
[19.322615410923916, -99.17757689447582],
[19.322486504598054, -99.17777654200785],
[19.322384040522905, -99.17814081118908],
[19.322370819347235, -99.17822137071956],
[19.322304713452862, -99.17829492507346],
[19.322235302234972, -99.17831243801487],
[19.322155975092716, -99.17827741213205],
[19.32210970090862, -99.1781933500133],
[19.32209647971076, -99.17807426201175],
[19.322172501583864, -99.1776189255352],
[19.32232785051893, -99.17723013823598],
[19.32239726169751, -99.17693592082038],
[19.322324545223978, -99.17672576552351],
[19.322235302234972, -99.17662419046336],
[19.322103090309817, -99.1765611438743],
[19.321934519950116, -99.17652962057976],
[19.321891716140414, -99.17653990906825],
[19.321308682662895, -99.17657652133781],
[19.32047947591191, -99.17636142425411],
[19.3194991062177, -99.17614175061347],
[19.31874762944031, -99.1759998780638],
[19.318302788120928, -99.17607310260293],
[19.318138671600263, -99.17613259754098],
[19.31805229441793, -99.17617378634424],
[19.318030700115212, -99.1762103986138],
[19.317918409667904, -99.1762515874409],
[19.317676553116424, -99.17649872026048],
[19.317434696207084, -99.1768831490909],
[19.317158287872466, -99.17756505261157],
[19.31705031572913, -99.17804101222218],
[19.317001688511333, -99.17855548381242],
[19.31705316650524, -99.17905006096817],
[19.317307124371474, -99.18222844671342],
[19.317581672974782, -99.18502135313886],
[19.31770865154691, -99.18654508735595],
[19.317660570115653, -99.18659809411106],
[19.317514526735224, -99.18665927680846],
[19.317188475926645, -99.18653691141368],
[19.317001675677197, -99.18649012463639],
[19.31410794291224, -99.18624179485353],
[19.31300070295804, -99.18613382537208],
[19.312726302947105, -99.18601083039141],
[19.312080367841453, -99.1857526951618],
[19.311888432346848, -99.18558842728841],
[19.311762935940074, -99.18531855863924],
[19.311807228800518, -99.18470842082378],
[19.31162636618932, -99.18407481608504],
[19.311238802824878, -99.18308920884465],
[19.31051903982912, -99.18123141727864],
[19.310279118134673, -99.18072688023891],
[19.30999121163665, -99.18041790019134],
[19.309766053637535, -99.18030838827572],
[19.309710686868943, -99.18028101029684],
[19.30941539710739, -99.18024189886796],
[19.309300972186282, -99.18019105405001],
[19.309282516546347, -99.18004634187581],
[19.30931204556924, -99.17993682996023],
[19.309467072851977, -99.17992900768054],
[19.30962238570858, -99.17996381904058],
[19.309777164096474, -99.17995717230399],
[19.31011843876723, -99.17988403607943],
[19.310386295274487, -99.17972692918376],
[19.310739323451156, -99.1794224969971],
[19.31103226116442, -99.17931505031468],
[19.31193736021579, -99.17918770613204],
[19.31385546451838, -99.17897802018958],
[19.31393706281573, -99.17903457892037],
[19.313972352329852, -99.17914031377174],
[19.313893255132438, -99.17935307292383],
[19.313910807902566, -99.17990819758927],
[19.314076545698878, -99.18138016900409],
[19.314130122961327, -99.18210236729149],
[19.314092496264458, -99.18221043829905],
[19.31400536529471, -99.18230738180519],
[19.313926947382228, -99.18237201080927],
[19.313826746661544, -99.182374318988],
[19.31121672721325, -99.18205861620396],
[19.31113294747862, -99.18211180983698],
[19.311097731115435, -99.1821911060637],
[19.311413210760254, -99.18295919112224],
[19.311508233321067, -99.1833086289835],
[19.311683982711166, -99.18381606816352],
[19.311824346175687, -99.18415602736623],
[19.311924605721607, -99.18447098959226],
[19.312000095223038, -99.1851221614955],
[19.31206260993738, -99.18540212789772],
[19.31218410073415, -99.18550461561264],
[19.312780937685364, -99.18577083367298],
[19.31302780049189, -99.18587225369934],
[19.314311582015776, -99.18598875624092],
[19.31657191847577, -99.18624574716571],
[19.317335057937814, -99.18632113117852],
[19.317499973193872, -99.18628343917977],
[19.317561412168292, -99.18618064281955],
[19.31732212339961, -99.18334003663905],
[19.317157207961102, -99.18247997364551],
[19.316983032800067, -99.18164947096109],
[19.316899853078628, -99.18030806261197],
[19.316871260037864, -99.17845432972915],
[19.31691544927787, -99.17782356481756],
[19.317118199766796, -99.17714597443141],
[19.31744571923764, -99.1765041917921],
[19.317825225117225, -99.17611581684476],
[19.31828530982117, -99.17588169012457],
[19.318698605150054, -99.1758210926138],
[19.319174283382203, -99.17588444455151],
[19.320255601422954, -99.17611581684363],
[19.320958392316562, -99.17624381019053],
[19.321763708947746, -99.17631084183854],
[19.322760018657878, -99.17636366968962],
[19.323008691919842, -99.17633072999799],
[19.323103887049218, -99.17624838078555],
[19.323169940779863, -99.17614956173065],
[19.323247651021106, -99.17543929974],
[19.323298162655444, -99.17509137431755],
[19.3233859682845, -99.17500452474806],
[19.32366278249688, -99.17493069101488],
[19.32393206390516, -99.17489477190048],
[19.324181065896973, -99.17482383113754]

ruta 7:
[19.334149593387487, -99.19183645898082],
[19.3340822516784, -99.19120435578404],
[19.33391870741213, -99.19074557120574],
[19.33371668191589, -99.19053147173585],
[19.33342807363059, -99.19027659141457],
[19.3331971866351, -99.19011346800896],
[19.332927818061123, -99.19005229673184],
[19.33255262537839, -99.18998093024189],
[19.332292876093096, -99.18986878290052],
[19.33230249644437, -99.18971585470774],
[19.3324083202709, -99.18955273130213],
[19.33271617101275, -99.18957312172783],
[19.333149085139265, -99.18963429288624],
[19.33355313728616, -99.18955273118343],
[19.3341784541141, -99.18959351203483],
[19.334370858810203, -99.18955273118343],
[19.33452478240385, -99.18933863171355],
[19.334688326063134, -99.18791130191435],
[19.33490461818479, -99.18625524035266],
[19.33506629312095, -99.18493126026284],
[19.33517652594726, -99.18384871163455],
[19.33530145638577, -99.1829141374535],
[19.33527206099707, -99.18287519686262],
[19.335154479389363, -99.18255588401743],
[19.335073641986263, -99.18190947012458],
[19.33501485112531, -99.1815823690571],
[19.334595965587695, -99.18027396502453],
[19.33413298560079, -99.17899671364376],
[19.33384637828442, -99.17877085821667],
[19.332883667975164, -99.17876307009851],
[19.331898904964373, -99.17883316316205],
[19.331406521246738, -99.17919141659813],
[19.330972063589066, -99.17972956106824],
[19.33088445272742, -99.17996900407461],
[19.33085885896294, -99.18032548073694],
[19.330835235691328, -99.18150725063363],
[19.330784335079567, -99.18267239084861],
[19.33073004107402, -99.18405689393362],
[19.330726647698018, -99.18524001478659],
[19.330590912604162, -99.1864447122358],
[19.330504982644648, -99.18718922083359],
[19.33047050209012, -99.18752620568576],
[19.330416865657508, -99.18807431357783],
[19.33041303448137, -99.18807837369049],
[19.330354413981894, -99.18869775883404],
[19.33042117266751, -99.18890771770785],
[19.330561150466977, -99.18906746901082],
[19.331112995474317, -99.1892328559424],
[19.331292874494476, -99.18937666179772],
[19.331460672978935, -99.18942456743166],
[19.33200066821048, -99.18949571333988],
[19.332091153722054, -99.18956376594123],
[19.332099910381793, -99.18961325874221],
[19.3321115859274, -99.18970296444401],
[19.3321057481547, -99.18981122994617],
[19.332070721514146, -99.18991330884822],
[19.331971479325087, -99.18992258874839],
[19.331612455608052, -99.18988546914765],
[19.33145775408438, -99.18998136147275],
[19.331002405364504, -99.18993496197183],
[19.330689953371667, -99.1899860500466],
[19.330413891186303, -99.1900873191135],
[19.330049346804614, -99.19026735303832],
[19.329723733660284, -99.19054490533131],
[19.32940165916009, -99.19092747736192],
[19.329338696965223, -99.19106387673398],
[19.32916921310737, -99.19154422364258],
[19.329090383345406, -99.19218329398538],
[19.329374170307837, -99.19320246481756],
[19.330036337976995, -99.19416315873848],
[19.330627556844508, -99.19469362883387],
[19.331301543738544, -99.19499019084776],
[19.332022824889005, -99.19514473725887],
[19.332570681119886, -99.19513638339998],
[19.332874169024965, -99.19505702173683],
[19.333256484154614, -99.19486070604374],
[19.33358756046109, -99.19449731314187],
[19.333792512127303, -99.19409215094517],
[19.333946225700963, -99.19336118825815],
[19.334095997765527, -99.19264693322776],
[19.334149593387487, -99.19183645898082]


ruta 11:
[19.323754967602305, -99.18790243624429],
[19.323234416923984, -99.18775873525829],
[19.32306819030765, -99.18744815570787],
[19.323239968386805, -99.1872518068009],
[19.32331590171665, -99.1872518068009],
[19.32352851485248, -99.18751466328149],
[19.32387833018414, -99.18769789947284],
[19.326928604299802, -99.18815696713627],
[19.327547417301343, -99.18828864120624],
[19.328284279815648, -99.18882471648172],
[19.328480191132382, -99.18890218400985],
[19.33111640358065, -99.18922720384408],
[19.33137657255721, -99.18944318670691],
[19.332011011882113, -99.18950546935457],
[19.33212473967502, -99.18972333859143],
[19.332063501642526, -99.18993657231259],
[19.331574376635125, -99.18989715235509],
[19.331385599319947, -99.19000003864193],
[19.330921745561568, -99.18993144778403],
[19.330074939358955, -99.1902115271221],
[19.3294223022863, -99.19093173113478],
[19.32912564820532, -99.19155476477621],
[19.32912025448992, -99.19249217316755],
[19.32955714487013, -99.19352103604963],
[19.330209781409064, -99.1943669899713],
[19.33109434246608, -99.19492714864771],
[19.332102951978232, -99.19513863712842],
[19.333125116570127, -99.19492590618313],
[19.333711247285656, -99.19429084052973],
[19.334166153251722, -99.19214459676465],
[19.33406117507139, -99.19127775531082],
[19.334406728020188, -99.1909764467897],
[19.33467946219002, -99.1910508513949],
[19.33488072188728, -99.19129156346646],
[19.33503310407506, -99.19286380941614],
[19.33450982882784, -99.1943842565724],
[19.33440060628993, -99.19487141906819],
[19.33439198085374, -99.19542292394816],
[19.33409009030438, -99.19600794569925],
[19.333319548099226, -99.19637967826787],
[19.332861371154355, -99.19632212434335],
[19.3301370935886, -99.19468791383453],
[19.329112273184656, -99.19480780143024],
[19.32304446983736, -99.19489968145548],
[19.322598751860916, -99.19478918906611],
[19.321212101272884, -99.1940459046214],
[19.32114735465439, -99.19366854482638],
[19.32143331869251, -99.19308535241592],
[19.32305736914217, -99.19225058679498],
[19.324050136220794, -99.19158734835663],
[19.324409168382825, -99.1912246098419],
[19.32451041209732, -99.1909081091708],
[19.32476352109152, -99.1897869458148],
[19.325087500037974, -99.18911102913509],
[19.325178618999043, -99.18831709525844],
[19.324991295343416, -99.18809179580747],
[19.32414084873644, -99.18799523627007],
[19.323754967602305, -99.18790243624429]

ruta 8:
[19.334149593387487, -99.19183645898082],
[19.3340822516784, -99.19120435578404],
[19.33391870741213, -99.19074557120574],
[19.33371668191589, -99.19053147173585],
[19.33342807363059, -99.19027659141457],
[19.333175373102872, -99.19017745001855],
[19.33200247086645, -99.19002184392653],
[19.331310968522647, -99.18995073274641],
[19.3312550304593, -99.1899535556159],
[19.33118843750177, -99.18982088074951],
[19.330418620930445, -99.18971643457705],
[19.329909847428365, -99.18967126866508],
[19.329672774410405, -99.1896289256117],
[19.329305177385113, -99.18963739422018],
[19.329102732293293, -99.18967409152366],
[19.328502544768853, -99.1897789404121],
[19.328044358245283, -99.18986705936227],
[19.327888235140712, -99.18998215349278],
[19.327808476534916, -99.19013321455405],
[19.32768968705826, -99.1903867813103],
[19.327572594489588, -99.1904353366466],
[19.327443622864763, -99.19041195814759],
[19.327345197084703, -99.19030765409184],
[19.32733501510406, -99.18997316177511],
[19.327440228873336, -99.18913513263749],
[19.327501320709167, -99.18870712626477],
[19.327550533562384, -99.1885920321137],
[19.327671020133568, -99.1885093082074],
[19.327787260517294, -99.18847398473078],
[19.32797542935509, -99.18859392904714],
[19.328256974811975, -99.18878134203756],
[19.32842549647614, -99.18888813498076],
[19.329663166074592, -99.18903833867385],
[19.32989095701218, -99.18884521963817],
[19.33003775544923, -99.18867355827341],
[19.33025795284895, -99.18755507716178],
[19.330450308957865, -99.18636685860677],
[19.330614823872505, -99.18524033083617],
[19.33056926591525, -99.18427205338327],
[19.330579389907513, -99.18364709869205],
[19.330597376291145, -99.1817864484215],
[19.330722892461758, -99.18050164411162],
[19.33063731326518, -99.18003911456316],
[19.330474712668934, -99.17989098419766],
[19.32985283520252, -99.1797156461648],
[19.32985283520252, -99.1797156461648],
[19.329339155867054, -99.1796340651062],
[19.326368053503273, -99.18137661529478],
[19.32437476492176, -99.18333137502243],
[19.323218426131998, -99.18547285821307],
[19.323091779009914, -99.18583463461937],
[19.323345073155902, -99.18710085204134],
[19.323510264778715, -99.1874626284476],
[19.323736026393156, -99.18765518685741],
[19.324285082888984, -99.18777392883818],
[19.32692388994, -99.18816577750164],
[19.3275121532419, -99.18828451950944],
[19.327876315155684, -99.18854575186712],
[19.328419755273295, -99.18887229231585],
[19.331002471779662, -99.18921070696595],
[19.331292874494476, -99.18937666179772],
[19.331460672978935, -99.18942456743166],
[19.33200066821048, -99.18949571333988],
[19.332091153722054, -99.18956376594123],
[19.332099910381793, -99.18961325874221],
[19.3321115859274, -99.18970296444401],
[19.3321057481547, -99.18981122994617],
[19.332070721514146, -99.18991330884822],
[19.331971479325087, -99.18992258874839],
[19.331612455608052, -99.18988546914765],
[19.33145775408438, -99.18998136147275],
[19.331002405364504, -99.18993496197183],
[19.330689953371667, -99.1899860500466],
[19.330413891186303, -99.1900873191135],
[19.330049346804614, -99.19026735303832],
[19.329723733660284, -99.19054490533131],
[19.32940165916009, -99.19092747736192],
[19.329338696965223, -99.19106387673398],
[19.32916921310737, -99.19154422364258],
[19.329090383345406, -99.19218329398538],
[19.329374170307837, -99.19320246481756],
[19.330036337976995, -99.19416315873848],
[19.330627556844508, -99.19469362883387],
[19.331301543738544, -99.19499019084776],
[19.332022824889005, -99.19514473725887],
[19.332570681119886, -99.19513638339998],
[19.332874169024965, -99.19505702173683],
[19.333256484154614, -99.19486070604374],
[19.33358756046109, -99.19449731314187],
[19.333792512127303, -99.19409215094517],
[19.333946225700963, -99.19336118825815],
[19.334095997765527, -99.19264693322776],
[19.334149593387487, -99.19183645898082]

ruta 12:
[19.33263108730994, -99.19629591617603],
[19.330603918164826, -99.19501337595439],
[19.33061266653477, -99.19483722635863],
[19.330761388752112, -99.1947630581078],
[19.331338779615404, -99.19502264698792],
[19.332134875789595, -99.19513853488041],
[19.333056975749944, -99.19500791488753],
[19.333493193540278, -99.19462602589554],
[19.333806131672056, -99.19413359009008],
[19.334128552150318, -99.19232464223327],
[19.334033722663968, -99.19118902496758],
[19.333863029449777, -99.19072673829308],
[19.333275084782716, -99.19022425275814],
[19.333112502102143, -99.19003628173863],
[19.33234248839929, -99.18996712683318],
[19.332272882461915, -99.18975505178986],
[19.332385992095087, -99.18952453543844],
[19.333125553152588, -99.18963518328712],
[19.333456179364653, -99.18953836641953],
[19.334221837511286, -99.18960291099529],
[19.33446545525487, -99.18943232889524],
[19.334545534110713, -99.18904708869292],
[19.335274804084293, -99.18291698969095],
[19.335128488562283, -99.18264767263923],
[19.33501297622649, -99.18164385460148],
[19.334081173720406, -99.17896700647741],
[19.33374892796224, -99.17870798795079],
[19.331871630075604, -99.17883492775688],
[19.331659379980767, -99.17895688648194],
[19.331182596191248, -99.17947142872215],
[19.33087069411578, -99.1799399623918],
[19.330854508410088, -99.180060031434],
[19.33070811062676, -99.18523959211929],
[19.330356645183254, -99.1886332173816],
[19.330577850226653, -99.18914779892913],
[19.331160535235497, -99.18921640980109],
[19.331333182245782, -99.18939937212593],
[19.331996792495744, -99.18950228843433],
[19.332115486727165, -99.18972527376775],
[19.332077720390153, -99.18991395366525],
[19.33157149960976, -99.18989283252758],
[19.331448567807247, -99.1899933318832],
[19.33098508381602, -99.18992628863185],
[19.32990418808763, -99.19036631730445],
[19.329396691880675, -99.19091809930457],
[19.32913305686748, -99.1915956037773],
[19.32912646598711, -99.1926013836055],
[19.329864642970172, -99.19397734628245],
[19.33061623071709, -99.19469493974479],
[19.331261459441816, -99.19500341127431],
[19.33228993904928, -99.19514736465425],
[19.333012569831734, -99.19498941831777],
[19.333459913426978, -99.19470370010825],
[19.333745855919954, -99.19414337797774],
[19.334123515048233, -99.19223942626677],
[19.33405337842078, -99.19123885104648],
[19.334319009724265, -99.19099395503449],
[19.334602863558175, -99.19099839874146],
[19.334879049161056, -99.19127820626775],
[19.335040934051328, -99.19279472110722],
[19.33451174573026, -99.19437143660163],
[19.334411928519334, -99.19536579842487],
[19.33412578550984, -99.19591587092285],
[19.333980261945758, -99.1960935482997],
[19.33337600639565, -99.19636799178828],
[19.332814909963375, -99.19632225120706],
[19.33263108730994, -99.19629591617603]

ruta 13:
[19.31460864733511, -99.18625806267877],
[19.31298857690942, -99.1861293592106],
[19.3119659404936, -99.18570020577289],
[19.311783687787553, -99.1858289518042],
[19.311611560045304, -99.18622591873408],
[19.311571059373726, -99.18635466476539],
[19.311733061999814, -99.1867087163515],
[19.31160143487835, -99.18686964889065],
[19.310943297681558, -99.18680527587499],
[19.31069016725985, -99.18664434333596],
[19.309647265893467, -99.18655851264843],
[19.30831072237327, -99.18539979836473],
[19.30846260286817, -99.18534615418501],
[19.308604357869484, -99.18546417138037],
[19.309708017605576, -99.18647268195899],
[19.311085050500882, -99.1864941396309],
[19.311726536920975, -99.18535726386956],
[19.311813957451065, -99.18491395027547],
[19.311780534705044, -99.18451137218602],
[19.310308621258653, -99.18079885618683],
[19.310042807731957, -99.18046362083777],
[19.30943944170591, -99.18025920862722],
[19.30927936463279, -99.18012873274984],
[19.309365559999335, -99.17993736812967],
[19.30971034101115, -99.1799808600888],
[19.310140212503523, -99.17987400820635],
[19.310402696263832, -99.17975348479872],
[19.310844542981584, -99.17937337250981],
[19.316723137405283, -99.17860900439076],
[19.316863123159827, -99.17849775201451],
[19.316919992354205, -99.17783023774354],
[19.317191214318107, -99.17693558321774],
[19.317672685551067, -99.17625629118214],
[19.318604405941922, -99.17582610627989],
[19.319023678384983, -99.17581905406837],
[19.32160770751009, -99.17632399772958],
[19.32161783205724, -99.1765600321203],
[19.321192550423916, -99.17659219177791],
[19.31881325837856, -99.17600210579369],
[19.318124775885902, -99.17615230949689],
[19.317527413763308, -99.17667802245808],
[19.31711229642632, -99.17781527906801],
[19.31697054879527, -99.1785233822675],
[19.317679285691785, -99.18613012700894],
[19.31787165286023, -99.18737465023958],
[19.318114647373605, -99.18767505764598],
[19.318874002914235, -99.18787890553122],
[19.31905624771547, -99.187921820875],
[19.325141016804555, -99.18867282377617],
[19.325205761840607, -99.18834685503728],
[19.325480927957486, -99.18796377766962],
[19.32737470575392, -99.18822106843865],
[19.327804213985402, -99.18850663204444],
[19.328429731988418, -99.18891455742693],
[19.334291445072246, -99.18959052192223],
[19.334460261158164, -99.18942755893897],
[19.335231794420835, -99.1830603360625],
[19.3352488853122, -99.18280292600888],
[19.33508575704823, -99.18229932195774],
[19.3350290167442, -99.18160404769186],
[19.334106984023222, -99.17896200551847],
[19.33394878695039, -99.17879663096427],
[19.333607607144792, -99.17869464961935],
[19.33143127629999, -99.17884719018686],
[19.330381473796887, -99.17911141458444],
[19.32599847548549, -99.1816053220434],
[19.324348976502765, -99.18337813093696],
[19.323086437032167, -99.18581381690001],
[19.323509635765593, -99.18746087196898],
[19.32433506220405, -99.18779617547517],
[19.327058517079557, -99.18818244334155],
[19.32731162212611, -99.188472121912],
[19.32734199470535, -99.18897637720133],
[19.327099013913347, -99.18950209016252],
[19.32538801391826, -99.18931969996021],
[19.325124781551047, -99.1894913613594],
[19.324937152508348, -99.18992264370357],
[19.32475447977881, -99.19069282260588],
[19.324338531699073, -99.19155515923563],
[19.324198060805646, -99.19141221352561],
[19.324287983166307, -99.19036316471576],
[19.32409636615078, -99.18990791924449],
[19.323742830692826, -99.18971492200919],
[19.322829719371914, -99.1896674834375],
[19.320650153852775, -99.1891969845312],
[19.319010087932526, -99.18899042846598],
[19.318123431182727, -99.18890023072458],
[19.31786452649398, -99.18871231876034],
[19.317630447936484, -99.18694970457538],
[19.317491883495215, -99.18663725121337],
[19.317284559533412, -99.1865630341842],
[19.315524012063175, -99.18636487847084],
[19.31460864733511, -99.18625806267877]

bicipuma:
19.31950360260359, -99.17623225445548
19.31961054447967, -99.17622085506709
19.31985353641127, -99.17625438268033
19.319883910376873, -99.17622085506798
[19.320275607478386, -99.17631339127942],
[19.320448358889678, -99.17636770601186],
[19.3205875697752, -99.17631557302052],
[19.32106458451985, -99.17640858944134],
[19.321202900801747, -99.17644335315416],
[19.32187547028028, -99.17646778170862],
[19.32193044187631, -99.17645744655086],
[19.322195546577262, -99.17653261133523],
[19.322455850355855, -99.1765456144107],
[19.32269162933802, -99.1766149333931],
[19.32304673484826, -99.17640697644246],
[19.323109273591427, -99.17633384872452],
[19.32316174861032, -99.17626300624778],
[19.3231933773807, -99.17620587521813],
[19.32321566128739, -99.17609999237312],
[19.323309828716358, -99.17523845643859],
[19.323493131568327, -99.17509067750743],
[19.3238036676959, -99.1749992678583],
[19.324227778587666, -99.1749444220687],
[19.325316360039512, -99.1747909643582],
[19.325545231092867, -99.17503875227698],
[19.32563847695304, -99.17517709144789],
[19.325727060470914, -99.17546612150139],
[19.32569675559198, -99.17600465613695],
[19.325724729331895, -99.17642955502471],
[19.325626821229, -99.17719536114944],
[19.325465972075445, -99.1779685783158],
[19.32535827129195, -99.17816934828815],
[19.325203902990957, -99.17893372990702],
[19.3251077218786, -99.18007635093491],
[19.32513050162123, -99.18026142337223],
[19.325019133962222, -99.18120556093518],
[19.32517859217778, -99.18152206159549],
[19.325046975881488, -99.18251447893303],
[19.32473059012637, -99.18288462377306],
[19.324812316820168, -99.18321369830203],
[19.324885842637975, -99.18328627739025],
[19.32499562769879, -99.18333003831069],
[19.326711602598987, -99.18353915008473],
[19.3244612043728, -99.18563292716017],
[19.324336791502166, -99.1858145131927],
[19.32431186849421, -99.1861101232718],
[19.324432163173118, -99.18632799250864],
[19.324863036124118, -99.18651341313844],
[19.324966510746687, -99.18653590895178],
[19.325123986768357, -99.18663325478099],
[19.32521366054622, -99.18672364733672],
[19.32544549984133, -99.18706203998119],
[19.325654962840854, -99.18766763012547],
[19.325680541197485, -99.18771690483477],
[19.325723682870485, -99.1877697659833],
[19.32576412817858, -99.1877854814599],
[19.32598522901922, -99.18779262485835],
[19.32576412817858, -99.1877854814599],
[19.325723682870485, -99.1877697659833],
[19.325680541197485, -99.18771690483477],
[19.325654962840854, -99.18766763012547],
[19.32544549984133, -99.18706203998119],
[19.32521366054622, -99.18672364733672],
[19.325123986768357, -99.18663325478099],
[19.324966510746687, -99.18653590895178],
[19.324863036124118, -99.18651341313844],
[19.324432163173118, -99.18632799250864],
[19.32431186849421, -99.1861101232718],
[19.324336791502166, -99.1858145131927],
[19.3244612043728, -99.18563292716017],
[19.326711602598987, -99.18353915008473],
[19.327460654092036, -99.182956914843],
[19.327894763828272, -99.18326658325117],
[19.327960570841228, -99.18343288020829],
[19.327990943299806, -99.18346506671611],
[19.33230188915595, -99.1839853657002],
[19.332414438878796, -99.18407903606953],
[19.332325308268825, -99.1848651590374],
[19.33247769283056, -99.18510891809721],
[19.332382811893588, -99.18599863868333],
[19.33247769283042, -99.18667202308605],
[19.332495434867994, -99.18682278463413],
[19.33240918606983, -99.18688948387727],
[19.331458115213096, -99.1867560853903],
[19.33189358979912, -99.18682205711946],
[19.331724035545665, -99.18699727130246],
[19.331466548729153, -99.19011129682065],
[19.331517168403792, -99.19026686494182],
[19.33165637242812, -99.19033928458443],
[19.332012466159508, -99.19029289111381],
[19.33237361524488, -99.19037117664023],
[19.33272245168373, -99.19050165252035],
[19.33276890906228, -99.19020070277409],
[19.33291665128214, -99.19022897254753],
[19.333469944287902, -99.19079403307896],
[19.333706746736304, -99.19224467257459],
[19.333645139628697, -99.1922711962338],
[19.33361626129008, -99.19247114372912],
[19.333643214406276, -99.19269557459123],
[19.333367907363115, -99.1935361701965],
[19.333552728923053, -99.19405644174044],
[19.33325239378014, -99.19444409505148],
[19.3328962263833, -99.19462976058568],
[19.332181584133426, -99.19466763510145],
[19.331835853979083, -99.19469637145838],
[19.331796174779836, -99.19485783756942],
[19.331971898726003, -99.19487293679872],
[19.33200989307062, -99.19529823177018],
[19.331868164170206, -99.19550741265436],
[19.331941562512807, -99.19581586668772],
[19.331938566676488, -99.19582058910083],
[19.33246584820655, -99.1961570640884],
[19.332286308091756, -99.19650355321248],
[19.33246584820655, -99.1961570640884],
[19.331938566676488, -99.19582058910083],
[19.331941562512807, -99.19581586668772],
[19.331868164170206, -99.19550741265436],
[19.33200989307062, -99.19529823177018],
[19.331971898726003, -99.19487293679872],
[19.331796174779836, -99.19485783756942],
[19.331835853979083, -99.19469637145838],
[19.332181584133426, -99.19466763510145],
[19.3328962263833, -99.19462976058568],
[19.33325239378014, -99.19444409505148],
[19.333552728923053, -99.19405644174044],
[19.333367907363115, -99.1935361701965],
[19.333643214406276, -99.19269557459123],
[19.33361626129008, -99.19247114372912],
[19.333645139628697, -99.1922711962338],
[19.333706746736304, -99.19224467257459],
[19.333469944287902, -99.19079403307896],
[19.33291665128214, -99.19022897254753],
[19.332835800310235, -99.19007301829507],
[19.333037684508895, -99.18776132588582],
[19.33169140173052, -99.1876471894394],
[19.33172688999403, -99.18697012576098],
[19.331868624817524, -99.18681992205777],
[19.332395067370722, -99.18687893065547],
[19.332693721540604, -99.18668044718504],
[19.333670671149303, -99.18682528647025],
[19.33396911211229, -99.1839975894451],
[19.333680101543244, -99.18393424509145],
[19.33380067566152, -99.18291200403242],
[19.333839452715505, -99.1827269868058],
[19.3336572244047, -99.1826304272823],
[19.333900195440577, -99.18084944051581],
[19.333474995890526, -99.1807957963361],
[19.333464872078224, -99.18150389950833],
[19.333566110173024, -99.18158973019587],
[19.33350536732368, -99.18207252781329],
[19.333748338585508, -99.18214762966488],
[19.33184368621549, -99.18189136261798],
[19.33170046778729, -99.18199753039622],
[19.331154790229245, -99.18191290385805],
[19.33121468175762, -99.18155324107092],
[19.330296342542617, -99.18141924904688],
[19.32949778253542, -99.1812641003936],
[19.327754246268444, -99.18278032587263],
[19.327840758047845, -99.18302010106405],
